dune build --profile release
ln -s _build/install/default/bin/dpll dpll || true
./sudoku/run.sh 30 11 1

------------------------
  Sudoku Solver         
------------------------
new_cnf 
p 116 223
-710 -709 0
-710 -708 0
-710 -706 0
-709 -708 0
-709 -706 0
-708 -706 0
-697 -696 0
-681 -679 0
-674 -672 0
-674 -670 0
-672 -670 0
-666 -665 0
-666 -664 0
-666 -661 0
-665 -664 0
-665 -661 0
-664 -661 0
-616 -614 0
-591 -589 0
-591 -586 0
-589 -586 0
-583 -580 0
-583 -577 0
-580 -577 0
-566 -564 0
-566 -561 0
-564 -561 0
-555 -552 0
-548 -546 0
-548 -544 0
-546 -544 0
-536 -535 0
-536 -534 0
-535 -534 0
-503 -499 0
-503 -496 0
-499 -496 0
-492 -490 0
-492 -487 0
-490 -487 0
-467 -466 0
-449 -446 0
-439 -437 0
-422 -419 0
-422 -418 0
-422 -415 0
-419 -418 0
-419 -415 0
-418 -415 0
-409 -406 0
-404 -402 0
-377 -374 0
-377 -371 0
-374 -371 0
-341 -338 0
-341 -335 0
-338 -335 0
-330 -326 0
-323 -322 0
-323 -321 0
-322 -321 0
-296 -295 0
-296 -291 0
-296 -290 0
-295 -291 0
-295 -290 0
-291 -290 0
-277 -272 0
-269 -267 0
-260 -254 0
-216 -212 0
-185 -181 0
-159 -156 0
-150 -149 0
-150 -147 0
-149 -147 0
-125 -122 0
-113 -112 0
-95 -94 0
-95 -93 0
-95 -92 0
-94 -93 0
-94 -92 0
-93 -92 0
-81 -75 0
-54 -52 0
-54 -50 0
-54 -49 0
-52 -50 0
-52 -49 0
-50 -49 0
-34 -32 0
-34 -31 0
-32 -31 0
-23 -22 0
-23 -19 0
-22 -19 0
-14 -13 0
-14 -12 0
-14 -10 0
-13 -12 0
-13 -10 0
-12 -10 0
-4 -1 0
1 10 19 0
1 10 19 181 0
1 406 487 0
4 13 22 31 49 0
4 13 22 94 0
4 409 490 0
10 415 496 577 0
12 75 0
12 93 0
13 94 418 499 580 661 0
14 23 32 50 0
14 23 95 185 0
14 95 338 419 0
19 181 586 0
22 589 670 0
23 185 0
31 49 112 0
31 112 679 0
32 50 113 122 212 0
32 113 437 0
34 52 0
34 277 439 0
49 535 616 697 0
50 212 374 536 0
52 295 0
54 81 0
54 216 0
75 147 156 0
75 156 561 0
81 0
92 0
92 254 335 0
93 147 156 0
94 112 0
95 113 122 149 0
122 446 0
125 0
125 449 0
141 150 159 0
141 546 708 0
147 552 0
149 0
150 555 636 0
159 321 402 564 0
181 217 0
185 212 0
216 0
217 0
254 272 290 0
254 326 335 0
260 269 296 323 0
260 269 341 422 0
260 341 422 503 665 0
267 321 0
267 330 0
267 591 672 0
269 674 0
272 0
272 290 371 0
277 295 322 0
277 295 439 0
290 371 614 0
291 0
291 534 696 0
296 377 0
296 377 449 0
321 402 0
322 0
322 466 0
323 404 467 0
323 404 566 0
326 0
326 335 371 0
330 402 0
330 492 0
338 374 0
338 419 0
341 377 404 0
374 437 446 0
406 415 0
409 418 0
419 437 446 0
422 449 467 0
439 466 0
466 709 0
467 548 710 0
477 0
487 496 0
487 496 577 586 0
490 499 535 544 0
490 499 580 589 661 670 0
492 546 555 564 0
492 591 672 0
503 548 566 0
503 665 674 0
534 552 561 0
534 687 696 0
535 616 679 697 0
536 0
544 706 0
546 555 564 636 708 0
548 566 710 0
552 561 0
577 586 604 0
580 589 616 0
583 0
583 664 0
591 636 0
604 0
614 0
661 670 679 697 706 0
664 709 0
665 674 710 0
666 0
672 681 708 0
681 0
687 0
687 696 0
709 0

new_cnf 
p 96 179
-708 0
-708 -706 0
-706 0
-697 -696 0
-679 0
-674 -672 0
-674 -670 0
-672 -670 0
-665 0
-665 -664 0
-665 -661 0
-664 0
-664 -661 0
-661 0
-616 0
-591 -589 0
-591 -586 0
-589 -586 0
-580 0
-580 -577 0
-577 0
-566 -564 0
-566 -561 0
-564 -561 0
-555 -552 0
-548 -546 0
-548 -544 0
-546 -544 0
-535 0
-535 -534 0
-534 0
-503 -499 0
-503 -496 0
-499 -496 0
-492 -490 0
-492 -487 0
-490 -487 0
-467 -466 0
-449 -446 0
-439 -437 0
-422 -419 0
-422 -418 0
-422 -415 0
-419 -418 0
-419 -415 0
-418 -415 0
-409 -406 0
-404 -402 0
-377 -374 0
-377 -371 0
-374 -371 0
-341 -338 0
-341 -335 0
-338 -335 0
-330 0
-323 0
-323 -321 0
-321 0
-296 0
-296 -295 0
-296 -290 0
-295 0
-295 -290 0
-290 0
-277 0
-269 -267 0
-260 -254 0
-212 0
-185 -181 0
-159 -156 0
-150 0
-150 -147 0
-147 0
-122 0
-113 -112 0
-95 0
-95 -94 0
-95 -93 0
-94 0
-94 -93 0
-93 0
-75 0
-54 -52 0
-54 -50 0
-54 -49 0
-52 -50 0
-52 -49 0
-50 -49 0
-34 -32 0
-34 -31 0
-32 -31 0
-23 -22 0
-23 -19 0
-22 -19 0
-14 -13 0
-14 -12 0
-14 -10 0
-13 -12 0
-13 -10 0
-12 -10 0
-4 -1 0
1 10 19 0
1 10 19 181 0
1 406 487 0
4 13 22 31 49 0
4 13 22 94 0
4 409 490 0
10 415 496 577 0
12 75 0
12 93 0
13 94 418 499 580 661 0
14 23 32 50 0
14 23 95 185 0
14 95 338 419 0
19 181 586 0
22 589 670 0
23 185 0
31 49 112 0
31 112 679 0
32 50 113 122 212 0
32 113 437 0
34 52 0
34 277 439 0
49 535 616 697 0
52 295 0
75 147 156 0
75 156 561 0
93 147 156 0
94 112 0
122 446 0
141 150 159 0
141 546 708 0
147 552 0
150 555 636 0
159 321 402 564 0
185 212 0
260 269 296 323 0
260 269 341 422 0
260 341 422 503 665 0
267 321 0
267 330 0
267 591 672 0
269 674 0
277 295 439 0
296 377 0
296 377 449 0
321 402 0
323 404 467 0
323 404 566 0
330 402 0
330 492 0
338 374 0
338 419 0
341 377 404 0
374 437 446 0
406 415 0
409 418 0
419 437 446 0
422 449 467 0
439 466 0
467 548 0
487 496 0
487 496 577 586 0
490 499 535 544 0
490 499 580 589 661 670 0
492 546 555 564 0
492 591 672 0
503 548 566 0
503 665 674 0
534 552 561 0
535 616 679 697 0
544 706 0
546 555 564 636 708 0
548 566 0
552 561 0
580 589 616 0
591 636 0
661 670 679 697 706 0
665 674 0

new_cnf 
p 69 133
0
-674 -672 0
-674 -670 0
-672 -670 0
-591 -589 0
-591 -586 0
-589 -586 0
-566 -564 0
-566 -561 0
-564 -561 0
-555 -552 0
-548 -546 0
-548 -544 0
-546 -544 0
-503 -499 0
-503 -496 0
-499 -496 0
-492 -490 0
-492 -487 0
-490 -487 0
-467 -466 0
-449 -446 0
-439 -437 0
-422 -419 0
-422 -418 0
-422 -415 0
-419 -418 0
-419 -415 0
-418 -415 0
-409 -406 0
-404 -402 0
-377 -374 0
-377 -371 0
-374 -371 0
-341 -338 0
-341 -335 0
-338 -335 0
-269 -267 0
-260 -254 0
-185 -181 0
-159 -156 0
-113 -112 0
-54 -52 0
-54 -50 0
-54 -49 0
-52 -50 0
-52 -49 0
-50 -49 0
-34 -32 0
-34 -31 0
-32 -31 0
-23 -22 0
-23 -19 0
-22 -19 0
-14 -13 0
-14 -12 0
-14 -10 0
-13 -12 0
-13 -10 0
-12 -10 0
-4 -1 0
1 10 19 0
1 10 19 181 0
1 406 487 0
4 13 22 0
4 13 22 31 49 0
4 409 490 0
10 415 496 0
12 0
13 418 499 0
14 23 32 50 0
14 23 185 0
14 338 419 0
19 181 586 0
22 589 670 0
23 185 0
31 49 112 0
31 112 0
32 50 113 0
32 113 437 0
34 52 0
34 439 0
49 0
52 0
112 0
141 159 0
141 546 0
156 0
156 561 0
159 402 564 0
185 0
260 269 0
260 269 341 422 0
260 341 422 503 0
267 0
267 591 672 0
269 674 0
338 374 0
338 419 0
341 377 404 0
374 437 446 0
377 0
377 449 0
402 0
404 467 0
404 566 0
406 415 0
409 418 0
419 437 446 0
422 449 467 0
439 0
439 466 0
446 0
467 548 0
487 496 0
487 496 586 0
490 499 544 0
490 499 589 670 0
492 0
492 546 555 564 0
492 591 672 0
503 548 566 0
503 674 0
544 0
546 555 564 636 0
548 566 0
552 0
552 561 0
555 636 0
589 0
591 636 0
670 0
674 0

new_cnf 
p 69 131
-696 0
-674 -672 0
-674 -670 0
-672 -670 0
-591 -589 0
-591 -586 0
-589 -586 0
-566 -564 0
-566 -561 0
-564 -561 0
-555 -552 0
-548 -546 0
-548 -544 0
-546 -544 0
-503 -499 0
-503 -496 0
-499 -496 0
-492 -490 0
-492 -487 0
-490 -487 0
-467 -466 0
-449 -446 0
-439 -437 0
-422 -419 0
-422 -418 0
-422 -415 0
-419 -418 0
-419 -415 0
-418 -415 0
-409 -406 0
-404 -402 0
-377 -374 0
-377 -371 0
-374 -371 0
-341 -338 0
-341 -335 0
-338 -335 0
-269 -267 0
-260 -254 0
-185 -181 0
-159 -156 0
-113 -112 0
-54 -52 0
-54 -50 0
-54 -49 0
-52 -50 0
-52 -49 0
-50 -49 0
-34 -32 0
-34 -31 0
-32 -31 0
-23 -22 0
-23 -19 0
-22 -19 0
-14 -13 0
-14 -12 0
-14 -10 0
-13 -12 0
-13 -10 0
-12 -10 0
-4 -1 0
1 10 19 0
1 10 19 181 0
1 406 487 0
4 13 22 0
4 13 22 31 49 0
4 409 490 0
10 415 496 0
12 0
13 418 499 0
14 23 32 50 0
14 23 185 0
14 338 419 0
19 181 586 0
22 589 670 0
23 185 0
31 49 112 0
31 112 0
32 50 113 0
32 113 437 0
34 52 0
34 439 0
52 0
112 0
141 159 0
141 546 0
156 0
156 561 0
159 402 564 0
185 0
260 269 0
260 269 341 422 0
260 341 422 503 0
267 0
267 591 672 0
269 674 0
338 374 0
338 419 0
341 377 404 0
374 437 446 0
377 0
377 449 0
402 0
404 467 0
404 566 0
406 415 0
409 418 0
419 437 446 0
422 449 467 0
439 0
439 466 0
446 0
467 548 0
487 496 0
487 496 586 0
490 499 544 0
490 499 589 670 0
492 0
492 546 555 564 0
492 591 672 0
503 548 566 0
503 674 0
544 0
546 555 564 636 0
548 566 0
552 0
552 561 0
555 636 0
589 0
591 636 0
674 0

new_cnf 
p 52 91
-670 0
-591 0
-591 -586 0
-586 0
-566 -564 0
-566 -561 0
-564 -561 0
-555 0
-548 0
-548 -546 0
-546 0
-503 -499 0
-503 -496 0
-499 -496 0
-490 0
-490 -487 0
-487 0
-467 -466 0
-449 0
-437 0
-422 -419 0
-422 -418 0
-422 -415 0
-419 -418 0
-419 -415 0
-418 -415 0
-409 -406 0
-404 0
-374 0
-374 -371 0
-371 0
-341 -338 0
-341 -335 0
-338 -335 0
-269 0
-260 -254 0
-181 0
-159 0
-113 0
-54 0
-54 -50 0
-54 -49 0
-50 0
-50 -49 0
-49 0
-34 -32 0
-34 -31 0
-32 -31 0
-23 -22 0
-23 -19 0
-22 -19 0
-14 0
-14 -13 0
-14 -10 0
-13 0
-13 -10 0
-10 0
-4 -1 0
1 10 19 0
1 10 19 181 0
1 406 487 0
4 13 22 0
4 13 22 31 49 0
4 409 490 0
10 415 496 0
13 418 499 0
14 23 32 50 0
14 338 419 0
19 181 586 0
32 50 113 0
32 113 437 0
141 159 0
141 546 0
260 269 0
260 269 341 422 0
260 341 422 503 0
338 374 0
338 419 0
404 467 0
404 566 0
406 415 0
409 418 0
422 449 467 0
467 548 0
487 496 0
487 496 586 0
503 548 566 0
546 555 564 636 0
548 566 0
555 636 0
591 636 0

new_cnf 
p 28 48
0
-564 -561 0
-503 -499 0
-503 -496 0
-499 -496 0
-467 -466 0
-422 -419 0
-422 -418 0
-422 -415 0
-419 -418 0
-419 -415 0
-418 -415 0
-409 -406 0
-341 -338 0
-341 -335 0
-338 -335 0
-260 -254 0
-34 -32 0
-34 -31 0
-32 -31 0
-23 -22 0
-23 -19 0
-22 -19 0
-4 -1 0
1 19 0
1 406 0
4 22 0
4 22 31 0
4 409 0
19 0
23 32 0
32 0
141 0
260 0
260 341 422 0
260 341 422 503 0
338 0
338 419 0
406 415 0
409 418 0
415 496 0
418 499 0
422 467 0
467 0
496 0
503 0
564 636 0
636 0

new_cnf 
p 28 48
-564 0
-564 -561 0
-561 0
-503 -499 0
-503 -496 0
-499 -496 0
-467 -466 0
-422 -419 0
-422 -418 0
-422 -415 0
-419 -418 0
-419 -415 0
-418 -415 0
-409 -406 0
-341 -338 0
-341 -335 0
-338 -335 0
-260 -254 0
-34 -32 0
-34 -31 0
-32 -31 0
-23 -22 0
-23 -19 0
-22 -19 0
-4 -1 0
1 19 0
1 406 0
4 22 0
4 22 31 0
4 409 0
19 0
23 32 0
32 0
141 0
260 0
260 341 422 0
260 341 422 503 0
338 0
338 419 0
406 415 0
409 418 0
415 496 0
418 499 0
422 467 0
467 0
496 0
564 636 0
636 0

new_cnf 
p 17 27
-499 0
-466 0
-422 -419 0
-422 -418 0
-422 -415 0
-419 -418 0
-419 -415 0
-418 -415 0
-409 -406 0
-341 0
-341 -335 0
-335 0
-254 0
-34 0
-34 -31 0
-31 0
-23 0
-23 -22 0
-22 0
-4 -1 0
1 406 0
4 22 0
4 22 31 0
4 409 0
406 415 0
409 418 0
418 499 0

new_cnf 
p 7 11
-419 -418 0
-419 -415 0
-418 -415 0
-409 -406 0
-4 -1 0
1 406 0
4 0
4 409 0
406 415 0
409 418 0
418 0

new_cnf 
p 4 5
-415 0
-409 -406 0
-1 0
1 406 0
406 415 0

new_cnf 
p 1 1
406 0

-710|81|92|125|149|216|217|272|291|322|326|477|536|583|604|614|666|681|687|709|697|-708|-706|-679|-665|-664|-661|-616|-580|-577|-535|-534|-330|-323|-321|-296|-295|-290|-277|-212|-150|-147|-122|-95|-94|-93|-75|-672|-696|12|52|112|156|185|267|377|402|439|446|492|544|552|589|674|566|-670|-591|-586|-555|-548|-546|-490|-487|-449|-437|-404|-374|-371|-269|-181|-159|-113|-54|-50|-49|-14|-13|-10|-503|-564|-561|19|32|141|260|338|467|496|636|-422|-499|-466|-341|-335|-254|-34|-31|-23|-22|-419|4|418|-409|-415|-1|406|
4 3 1 5 6 7 2 8 9 
7 2 9 4 8 1 6 5 3 
8 6 5 3 2 9 1 7 4 
9 8 6 2 4 3 5 1 7 
2 5 7 1 9 8 3 4 6 
1 4 3 7 5 6 8 9 2 
6 1 2 9 7 5 4 3 8 
3 7 4 8 1 2 9 6 5 
5 9 8 6 3 4 7 2 1 
12: [0;32mSUCCESS[0m
------------------------
[0;32mPass   : 1 / 1[0m
[0;33mTimeout: 0 / 1[0m
[0;36mFail   : 0 / 1[0m
