dune build --profile release
ln -s _build/install/default/bin/dpll dpll || true
./sudoku/run.sh 30 11 1

------------------------
  Sudoku Solver         
------------------------
-729|-728|-727|-726|-725|-724|-723|-722|-720|-719|-718|-717|-716|-715|-714|-712|-711|-707|-705|-704|-703|-702|-701|-700|-699|-698|-695|-694|-693|-692|-691|-690|-689|-688|-686|-685|-684|-683|-682|-680|-678|-677|-676|-675|-673|-671|-669|-668|-667|-663|-662|-660|-659|-658|-657|-656|-655|-654|-652|-651|-650|-649|-648|-647|-646|-645|-643|-642|-641|-640|-639|-638|-637|-635|-634|-633|-632|-631|-629|-628|-627|-626|-625|-624|-623|-622|-621|-620|-619|-618|-617|-615|-613|-612|-611|-610|-609|-608|-607|-606|-605|-603|-601|-600|-599|-598|-597|-596|-595|-594|-593|-592|-590|-588|-587|-585|-584|-582|-581|-579|-578|-576|-575|-574|-573|-572|-571|-569|-568|-567|-565|-563|-562|-560|-559|-558|-557|-556|-554|-553|-551|-550|-549|-547|-545|-543|-542|-541|-540|-539|-538|-537|-533|-532|-531|-530|-528|-527|-526|-525|-524|-523|-521|-520|-519|-518|-517|-516|-515|-514|-513|-512|-511|-510|-509|-508|-507|-505|-504|-502|-501|-500|-498|-497|-495|-494|-493|-491|-489|-488|-486|-485|-484|-483|-482|-481|-480|-478|-476|-475|-474|-473|-472|-471|-470|-469|-468|-465|-464|-463|-462|-461|-460|-459|-458|-457|-455|-454|-453|-452|-451|-450|-448|-447|-445|-444|-443|-442|-441|-440|-438|-436|-435|-434|-433|-432|-431|-430|-429|-428|-427|-425|-424|-423|-421|-420|-417|-416|-414|-413|-412|-411|-410|-408|-407|-405|-403|-401|-400|-399|-398|-397|-396|-395|-394|-393|-392|-390|-389|-388|-387|-386|-385|-384|-383|-382|-380|-379|-378|-376|-375|-373|-372|-370|-368|-367|-366|-365|-364|-363|-362|-361|-360|-359|-358|-357|-356|-355|-354|-353|-351|-350|-348|-347|-346|-345|-344|-343|-342|-340|-339|-337|-336|-334|-333|-332|-331|-329|-328|-327|-325|-324|-320|-319|-318|-317|-316|-315|-314|-313|-312|-311|-310|-309|-308|-306|-305|-304|-303|-301|-300|-299|-298|-297|-294|-293|-292|-289|-288|-287|-286|-285|-284|-282|-281|-280|-279|-278|-276|-275|-274|-273|-271|-270|-268|-266|-265|-264|-263|-262|-261|-259|-258|-257|-256|-255|-253|-251|-250|-249|-248|-247|-246|-245|-244|-243|-242|-241|-240|-239|-237|-236|-235|-234|-233|-231|-230|-229|-228|-227|-226|-225|-224|-223|-222|-221|-220|-219|-218|-215|-214|-213|-211|-210|-209|-208|-207|-206|-205|-204|-203|-202|-201|-199|-198|-197|-196|-195|-194|-193|-191|-190|-189|-188|-187|-186|-184|-183|-182|-180|-179|-178|-176|-175|-174|-173|-172|-171|-169|-168|-167|-166|-165|-164|-163|-162|-161|-160|-158|-157|-155|-154|-153|-152|-151|-148|-146|-145|-144|-143|-142|-140|-139|-138|-137|-136|-135|-134|-133|-132|-131|-130|-129|-128|-126|-124|-123|-121|-120|-119|-118|-117|-116|-115|-114|-111|-110|-109|-107|-106|-105|-104|-103|-102|-101|-100|-99|-98|-97|-96|-91|-90|-89|-87|-86|-85|-84|-83|-82|-80|-79|-78|-77|-76|-74|-73|-72|-70|-69|-68|-67|-66|-65|-64|-63|-62|-61|-60|-59|-58|-57|-55|-53|-51|-48|-47|-46|-45|-44|-43|-41|-40|-39|-38|-37|-36|-35|-33|-30|-29|-28|-27|-26|-25|-24|-21|-20|-18|-17|-16|-15|-11|-9|-8|-7|-6|-5|-3|-2|42|56|71|88|108|127|170|177|192|200|232|238|252|283|302|307|349|352|369|381|391|426|456|479|506|522|529|570|602|630|644|653|713|721|p 116 223
-710 -709 0
-710 -708 0
-710 -706 0
-709 -708 0
-709 -706 0
-708 -706 0
-697 -696 0
-681 -679 0
-674 -672 0
-674 -670 0
-672 -670 0
-666 -665 0
-666 -664 0
-666 -661 0
-665 -664 0
-665 -661 0
-664 -661 0
-616 -614 0
-591 -589 0
-591 -586 0
-589 -586 0
-583 -580 0
-583 -577 0
-580 -577 0
-566 -564 0
-566 -561 0
-564 -561 0
-555 -552 0
-548 -546 0
-548 -544 0
-546 -544 0
-536 -535 0
-536 -534 0
-535 -534 0
-503 -499 0
-503 -496 0
-499 -496 0
-492 -490 0
-492 -487 0
-490 -487 0
-467 -466 0
-449 -446 0
-439 -437 0
-422 -419 0
-422 -418 0
-422 -415 0
-419 -418 0
-419 -415 0
-418 -415 0
-409 -406 0
-404 -402 0
-377 -374 0
-377 -371 0
-374 -371 0
-341 -338 0
-341 -335 0
-338 -335 0
-330 -326 0
-323 -322 0
-323 -321 0
-322 -321 0
-296 -295 0
-296 -291 0
-296 -290 0
-295 -291 0
-295 -290 0
-291 -290 0
-277 -272 0
-269 -267 0
-260 -254 0
-216 -212 0
-185 -181 0
-159 -156 0
-150 -149 0
-150 -147 0
-149 -147 0
-125 -122 0
-113 -112 0
-95 -94 0
-95 -93 0
-95 -92 0
-94 -93 0
-94 -92 0
-93 -92 0
-81 -75 0
-54 -52 0
-54 -50 0
-54 -49 0
-52 -50 0
-52 -49 0
-50 -49 0
-34 -32 0
-34 -31 0
-32 -31 0
-23 -22 0
-23 -19 0
-22 -19 0
-14 -13 0
-14 -12 0
-14 -10 0
-13 -12 0
-13 -10 0
-12 -10 0
-4 -1 0
1 10 19 0
1 10 19 181 0
1 406 487 0
4 13 22 31 49 0
4 13 22 94 0
4 409 490 0
10 415 496 577 0
12 75 0
12 93 0
13 94 418 499 580 661 0
14 23 32 50 0
14 23 95 185 0
14 95 338 419 0
19 181 586 0
22 589 670 0
23 185 0
31 49 112 0
31 112 679 0
32 50 113 122 212 0
32 113 437 0
34 52 0
34 277 439 0
49 535 616 697 0
50 212 374 536 0
52 295 0
54 81 0
54 216 0
75 147 156 0
75 156 561 0
81 0
92 0
92 254 335 0
93 147 156 0
94 112 0
95 113 122 149 0
122 446 0
125 0
125 449 0
141 150 159 0
141 546 708 0
147 552 0
149 0
150 555 636 0
159 321 402 564 0
181 217 0
185 212 0
216 0
217 0
254 272 290 0
254 326 335 0
260 269 296 323 0
260 269 341 422 0
260 341 422 503 665 0
267 321 0
267 330 0
267 591 672 0
269 674 0
272 0
272 290 371 0
277 295 322 0
277 295 439 0
290 371 614 0
291 0
291 534 696 0
296 377 0
296 377 449 0
321 402 0
322 0
322 466 0
323 404 467 0
323 404 566 0
326 0
326 335 371 0
330 402 0
330 492 0
338 374 0
338 419 0
341 377 404 0
374 437 446 0
406 415 0
409 418 0
419 437 446 0
422 449 467 0
439 466 0
466 709 0
467 548 710 0
477 0
487 496 0
487 496 577 586 0
490 499 535 544 0
490 499 580 589 661 670 0
492 546 555 564 0
492 591 672 0
503 548 566 0
503 665 674 0
534 552 561 0
534 687 696 0
535 616 679 697 0
536 0
544 706 0
546 555 564 636 708 0
548 566 710 0
552 561 0
577 586 604 0
580 589 616 0
583 0
583 664 0
591 636 0
604 0
614 0
661 670 679 697 706 0
664 709 0
665 674 710 0
666 0
672 681 708 0
681 0
687 0
687 696 0
709 0

-710|81|92|125|149|216|217|272|291|322|326|477|536|583|604|614|666|681|687|709|697|-708|-706|-679|-665|-664|-661|-616|-580|-577|-535|-534|-330|-323|-321|-296|-295|-290|-277|-212|-150|-147|-122|-95|-94|-93|-75|-672|-696|12|52|112|156|185|267|377|402|439|446|492|544|552|589|674|566|-670|-591|-586|-555|-548|-546|-490|-487|-449|-437|-404|-374|-371|-269|-181|-159|-113|-54|-50|-49|-14|-13|-10|-503|-564|-561|19|32|141|260|338|467|496|636|-422|-499|-466|-341|-335|-254|-34|-31|-23|-22|-419|4|418|-409|-415|-1|4 3 1 5 6 7 2 8 9 
7 2 9 4 8 1 6 5 3 
8 6 5 3 2 9 1 7 4 
9 8 6 2 4 3 5 1 7 
2 5 7 1 9 8 3 4 6 
0 4 3 7 5 6 8 9 2 
6 1 2 9 7 5 4 3 8 
3 7 4 8 1 2 9 6 5 
5 9 8 6 3 4 7 2 1 
12: [0;36mFAIL[0m
------------------------
[0;32mPass   : 0 / 1[0m
[0;33mTimeout: 0 / 1[0m
[0;36mFail   : 1 / 1[0m
