dune build --profile release
ln -s _build/install/default/bin/dpll dpll || true
./sudoku/run.sh 30 0 1

------------------------
  Sudoku Solver         
------------------------
p 142 306
-728 -726 0
-718 -717 0
-718 -716 0
-717 -716 0
-699 -698 0
-656 -655 0
-656 -653 0
-655 -653 0
-643 -641 0
-610 -607 0
-610 -605 0
-607 -605 0
-578 -577 0
-574 -571 0
-574 -569 0
-571 -569 0
-556 -552 0
-556 -551 0
-552 -551 0
-531 -529 0
-531 -526 0
-531 -525 0
-531 -524 0
-529 -526 0
-529 -525 0
-529 -524 0
-526 -525 0
-526 -524 0
-525 -524 0
-521 -520 0
-521 -517 0
-521 -515 0
-520 -517 0
-520 -515 0
-517 -515 0
-513 -512 0
-513 -511 0
-512 -511 0
-503 -498 0
-503 -497 0
-498 -497 0
-483 -481 0
-483 -479 0
-481 -479 0
-475 -474 0
-475 -470 0
-475 -469 0
-474 -470 0
-474 -469 0
-470 -469 0
-468 -466 0
-439 -438 0
-439 -436 0
-439 -434 0
-439 -433 0
-438 -436 0
-438 -434 0
-438 -433 0
-436 -434 0
-436 -433 0
-434 -433 0
-432 -430 0
-432 -424 0
-430 -424 0
-414 -412 0
-414 -409 0
-414 -407 0
-412 -409 0
-412 -407 0
-409 -407 0
-404 -402 0
-404 -398 0
-402 -398 0
-393 -392 0
-393 -390 0
-393 -389 0
-392 -390 0
-392 -389 0
-390 -389 0
-365 -363 0
-365 -362 0
-363 -362 0
-359 -357 0
-359 -353 0
-357 -353 0
-306 -302 0
-288 -284 0
-288 -283 0
-288 -282 0
-284 -283 0
-284 -282 0
-283 -282 0
-274 -271 0
-255 -253 0
-252 -248 0
-252 -247 0
-252 -246 0
-248 -247 0
-248 -246 0
-247 -246 0
-225 -224 0
-225 -221 0
-224 -221 0
-212 -208 0
-197 -191 0
-197 -190 0
-191 -190 0
-189 -188 0
-189 -181 0
-188 -181 0
-171 -170 0
-171 -167 0
-171 -164 0
-170 -167 0
-170 -164 0
-167 -164 0
-151 -150 0
-151 -147 0
-151 -146 0
-150 -147 0
-150 -146 0
-147 -146 0
-143 -142 0
-124 -121 0
-124 -120 0
-124 -119 0
-121 -120 0
-121 -119 0
-120 -119 0
-116 -115 0
-116 -114 0
-116 -112 0
-116 -110 0
-115 -114 0
-115 -112 0
-115 -110 0
-114 -112 0
-114 -110 0
-112 -110 0
-98 -96 0
-98 -93 0
-98 -92 0
-96 -93 0
-96 -92 0
-93 -92 0
-89 -88 0
-89 -85 0
-89 -84 0
-89 -83 0
-88 -85 0
-88 -84 0
-88 -83 0
-85 -84 0
-85 -83 0
-84 -83 0
-70 -69 0
-70 -68 0
-70 -64 0
-69 -68 0
-69 -64 0
-68 -64 0
-51 -50 0
-51 -46 0
-50 -46 0
-43 -41 0
-17 -15 0
-17 -10 0
-15 -10 0
-8 -7 0
-8 -5 0
-7 -5 0
5 41 50 68 0
5 167 248 653 0
7 43 70 0
7 88 412 574 655 0
8 17 0
8 17 89 98 170 188 0
8 89 170 656 0
10 46 64 0
10 181 0
10 253 577 0
15 51 69 0
15 96 0
17 98 503 0
41 50 212 0
41 284 365 0
43 115 124 0
43 124 529 610 0
46 190 208 0
46 208 0
50 212 698 0
51 699 0
64 469 0
68 221 0
68 392 716 0
69 150 0
69 150 393 474 717 0
70 142 151 0
70 151 475 556 718 0
83 92 110 119 146 0
83 92 164 0
83 164 407 569 0
84 93 0
84 93 120 147 0
84 246 0
85 112 121 0
85 247 409 571 0
88 115 124 142 151 0
89 98 116 143 0
92 497 578 0
93 255 498 0
96 114 150 0
110 119 191 0
110 191 353 434 515 0
112 121 0
112 274 436 517 0
114 357 438 0
115 439 520 0
116 197 0
116 197 359 521 0
119 362 524 605 0
120 282 363 525 0
121 283 526 607 0
142 466 0
143 224 0
146 389 470 551 0
147 390 552 0
164 191 0
167 212 221 0
170 188 197 224 0
171 189 0
171 189 225 0
171 252 414 0
181 190 208 0
181 424 0
188 350 512 0
189 432 513 0
190 271 433 0
221 302 0
225 306 468 0
246 255 0
246 255 282 0
247 274 283 0
247 409 0
248 284 302 0
252 288 306 0
253 271 0
271 433 0
274 283 436 0
284 365 0
288 0
288 531 0
302 392 0
306 468 0
350 0
350 359 404 0
353 362 389 398 0
357 393 402 0
357 438 0
363 390 0
365 392 0
389 398 470 479 0
390 0
393 402 474 483 0
398 479 641 0
402 483 726 0
404 728 0
407 0
407 434 470 479 0
409 436 481 0
412 430 0
412 430 439 466 475 0
414 432 468 0
424 433 469 0
430 511 0
438 474 483 0
469 0
481 643 0
497 515 524 551 0
498 525 552 0
503 512 521 0
503 512 656 0
511 520 529 556 0
511 574 655 0
513 0
513 531 0
515 524 605 0
517 526 535 0
517 526 535 607 0
520 529 610 0
525 0
535 0
551 641 0
556 718 0
569 578 605 641 0
571 607 643 0
574 610 0
577 0
643 0
653 0
653 698 716 0
655 718 0
656 728 0
699 0
699 717 726 0
728 0

1: [0;32mSUCCESS[0m
------------------------
[0;32mPass   : 1 / 1[0m
[0;33mTimeout: 0 / 1[0m
[0;36mFail   : 0 / 1[0m
